2,cod
13,500 0.000198042 0.501961 0.501961 0.45098 1 0 0
16,433.250000 98.500000 137.000000
23,winner\0
24,bg_aimSpreadMoveSpeedThreshold
25,bg_fallDamageMaxHeight
26,bg_fallDamageMinHeight
27,bg_foliagesnd_fastinterval
28,bg_foliagesnd_maxspeed
29,bg_foliagesnd_minspeed
30,bg_foliagesnd_resetinterval
31,bg_foliagesnd_slowinterval
32,bg_forceDualWield
33,bg_forceExplosiveBullets
34,bg_ladder_yawcap
35,bg_maxGrenadeIndicatorSpeed
36,bg_prone_yawcap
37,bg_softLandingMaxDamage
38,bg_softLandingMaxHeight
39,bg_softLandingMinHeight
40,bg_viewBobAmplitudeDucked
41,bg_viewBobAmplitudeDuckedAds
42,bg_viewBobAmplitudeProne
43,bg_viewBobAmplitudeRoll
44,bg_viewBobAmplitudeSprinting
45,bg_viewBobAmplitudeStanding
46,bg_viewBobAmplitudeStandingAds
47,bg_viewBobLag
48,bg_viewBobMax
49,bg_viewKickMax
50,bg_viewKickMin
51,bg_viewKickRandom
52,bg_weaponBobAmplitudeDucked
53,bg_weaponBobAmplitudeProne
54,bg_weaponBobAmplitudeRoll
55,bg_weaponBobAmplitudeSprinting
56,bg_weaponBobAmplitudeStanding
57,bg_weaponBobLag
58,bg_weaponBobMax
59,bullet_penetration_enabled
60,bullet_ricochetBaseChance
61,camera_thirdPerson
62,camera_thirdPersonAdsTransScale
63,camera_thirdPersonFovScale
64,camera_thirdPersonOffset
65,camera_thirdPersonOffsetAds
66,camera_thirdPersonOffsetTurretAds
67,cg_thirdPersonAngle
68,com_timescale
69,compassMaxRange
70,friction
71,fs_game
72,g_ScoresColor_Allies
73,g_ScoresColor_Axis
74,g_ScoresColor_EnemyTeam
75,g_ScoresColor_Free
76,g_ScoresColor_MyParty
77,g_ScoresColor_MyTeam
78,g_ScoresColor_Spectator
79,g_synchronousClients
80,g_TeamColor_Allies
81,g_TeamColor_Axis
82,g_TeamColor_EnemyTeam
83,g_TeamColor_Free
84,g_TeamColor_MyParty
85,g_TeamColor_MyTeam
86,g_TeamColor_Spectator
87,g_TeamIcon_Allies
88,g_TeamIcon_Axis
89,g_TeamIcon_EnemyAllies
90,g_TeamIcon_EnemyAxis
91,g_TeamIcon_Free
92,g_TeamIcon_MyAllies
93,g_TeamIcon_MyAxis
94,g_TeamIcon_Spectator
95,g_TeamName_Allies
96,g_TeamName_Axis
97,g_TeamTitleColor_EnemyTeam
98,g_TeamTitleColor_MyTeam
99,g_TeamTitleColor_Spectator
100,jump_height
101,jump_ladderPushVel
102,jump_slowdownEnable
103,jump_spreadAdd
104,jump_stepSize
105,mantle_check_angle
106,mantle_check_radius
107,mantle_check_range
108,mantle_debug
109,mantle_enable
110,mantle_max_vertical_end_velocity
111,mantle_view_yawcap
112,mapcrc
113,player_adsExitDelay
114,player_backSpeedScale
115,player_breath_fire_delay
116,player_breath_gasp_lerp
117,player_breath_gasp_scale
118,player_breath_gasp_time
119,player_breath_hold_lerp
120,player_breath_hold_time
121,player_breath_snd_delay
122,player_breath_snd_lerp
123,player_debugHealth
124,player_dmgtimer_flinchTime
125,player_dmgtimer_maxTime
126,player_dmgtimer_minScale
127,player_dmgtimer_stumbleTime
128,player_dmgtimer_timePerPoint
129,player_footstepsThreshhold
130,player_lastStandCrawlSpeedScale
131,player_lastStandDebug
132,player_lean_rotate_crouch_left
133,player_lean_rotate_crouch_right
134,player_lean_rotate_left
135,player_lean_rotate_right
136,player_lean_shift_crouch_left
137,player_lean_shift_crouch_right
138,player_lean_shift_left
139,player_lean_shift_right
140,player_moveThreshhold
141,player_runThreshhold
142,player_scopeExitOnDamage
143,player_spectateSpeedScale
144,player_sprintCameraBob
145,player_sprintForwardMinimum
146,player_sprintMinTime
147,player_sprintRechargePause
148,player_sprintSpeedScale
149,player_sprintStrafeSpeedScale
150,player_sprintTime
151,player_sprintUnlimited
152,player_strafeAnimCosAngle
153,player_strafeSpeedScale
154,player_sustainAmmo
155,player_turnAnims
156,player_view_pitch_down
157,player_view_pitch_up
158,r_diffuseColorScale
159,r_lightGridContrast
160,r_lightGridEnableTweaks
161,r_lightGridIntensity
162,r_specularColorScale
163,scr_gameended
164,sm_sunShadowScale
165,stopspeed
166,sv_allowClientConsole
167,sv_clientSideBullets
168,sv_pure
169,sv_voiceQuality
170,timescale
171,ui_ac130usetime
172,ui_allow_classchange
173,ui_allow_teamchange
174,ui_allowvote
175,ui_bomb_timer
176,ui_danger_team
177,ui_friendlyfire
178,ui_halftime
179,ui_hud_showobjicons
180,ui_overtime
181,ui_scorelimit
182,ui_timelimit
224,11
225,300
226,128
227,500
228,180
229,40
230,500
231,1500
232,0
233,0
234,100
235,100
236,85
237,0.1
238,300
239,128
240,0.0075 0.0075
241,0.0075 0.0075
242,0.02 0.005
243,1.5
244,0.02 0.014
245,0.007 0.007
246,0.007 0.007
247,0.25
248,8
249,90
250,5
251,0.4
252,0.045 0.025
253,0.02 0.005
254,1.5
255,0.02 0.014
256,0.055 0.025
257,0.25
258,8
259,1
260,0.5
261,0
262,2
263,0.9
264,-120 0 14
265,-60 -20 4
266,-80 0 14
267,356
268,1
269,1600
270,5.5
272,0.2 0.2 0.2 0
273,0.517647 0.298039 0.203922 0
274,0.74902 0.25098 0.25098 1
275,0.760784 0.780392 0.101961 0
276,0.4 0.4 0.901961 1
277,0.4 0.6 0.85098 1
278,0.25098 0.25098 0.25098 0
279,0
280,0.6 0.639216 0.690196 1
281,0.65098 0.568627 0.411765 1
282,1 0.45098 0.501961 0
283,0.74902 0.25098 0.25098 1
284,0.501961 0.8 1 1
285,0.6 0.8 0.6 0
286,0.25098 0.25098 0.25098 1
287,faction_128_taskforce141
288,faction_128_arab
289,faction_128_taskforce141
290,faction_128_arab
292,faction_128_taskforce141
293,faction_128_arab
295,MP_TASKFORCE_SHORT_NAME
296,MP_OPFORCE_COMPOSITE_SHORT_NAME
297,1 0.45098 0.501961 0
298,0.6 0.8 0.6 0
299,0.25098 0.25098 0.25098 1
300,39
301,128
302,1
303,64
304,18
305,60
306,0.1
307,20
308,0
309,1
310,0
311,60
312,129071179
313,0
314,0.7
315,0
316,6
317,4.5
318,1
319,1
320,4.5
321,1
322,2
323,0
324,500
325,750
326,0
327,500
328,100
329,0
330,0.2
331,0
332,0.8
333,0.3
334,0.8
335,0.4
336,4
337,15
338,5
339,9
340,10
341,110
342,0
343,1
344,0.5
345,105
346,1
347,0
348,1.5
349,0.667
350,4
351,0
352,0.5
353,0.8
354,0
355,0
356,85
357,85
358,1
359,1
360,1
361,1.1
362,1
363,0
364,1
365,100
366,1
367,1
368,0
369,3
370,1
371,40
372,0
373,1
374,1
375,0
377,0
378,0
379,1
380,0
381,250
382,0.01
479,SENTRY_MOVE
480,PLATFORM_HOLD_TO_DROP
512,MP_HALFTIME
513,MP_OVERTIME
514,MP_ROUNDEND
515,MP_INTERMISSION
516,MP_SWITCHING_SIDES
517,MP_FRIENDLY_FIRE_WILL_NOT
518,PLATFORM_REVIVE
519,MP_OBITUARY_NEUTRAL
520,MP_OBITUARY_FRIENDLY
521,MP_OBITUARY_ENEMY
522,MP_HOST_ENDED_GAME
523,MP_WAITING_FOR_HQ
524,SCRIPT_RADIATION_DEATH
525,MPUI_REVIVING
526,MPUI_BEING_REVIVED
527,RANK_PLAYER_WAS_PROMOTED_N
528,RANK_PLAYER_WAS_PROMOTED
529,RANK_PROMOTED
530,MP_PLUS
531,RANK_ROMANI
532,RANK_ROMANII
533,RANK_ROMANIII
534,RANK_PVT_FULL
535,RANK_PVT_FULL_N
536,RANK_PFC_FULL
537,RANK_PFC_FULL_N
538,RANK_SPC_FULL
539,RANK_SPC_FULL_N
540,RANK_CPL_FULL
541,RANK_CPL_FULL_N
542,RANK_SGT_FULL
543,RANK_SGT_FULL_N
544,RANK_SSGT_FULL
545,RANK_SSGT_FULL_N
546,RANK_SFC_FULL
547,RANK_SFC_FULL_N
548,RANK_MSGT_FULL
549,RANK_MSGT_FULL_N
550,RANK_1STSGT_FULL
551,RANK_1STSGT_FULL_N
552,RANK_SGTMAJ_FULL
553,RANK_SGTMAJ_FULL_N
554,RANK_CSM_FULL
555,RANK_CSM_FULL_N
556,RANK_2NDLT_FULL
557,RANK_2NDLT_FULL_N
558,RANK_1STLT_FULL
559,RANK_1STLT_FULL_N
560,RANK_CAPT_FULL
561,RANK_CAPT_FULL_N
562,RANK_MAJ_FULL
563,RANK_MAJ_FULL_N
564,RANK_LTCOL_FULL
565,RANK_LTCOL_FULL_N
566,RANK_COL_FULL
567,RANK_COL_FULL_N
568,RANK_BGEN_FULL
569,RANK_BGEN_FULL_N
570,RANK_MAJGEN_FULL
571,RANK_MAJGEN_FULL_N
572,RANK_LTGEN_FULL
573,RANK_LTGEN_FULL_N
574,RANK_GEN_FULL
575,RANK_GEN_FULL_N
576,RANK_COMM_FULL
577,MP_CHALLENGE_COMPLETED
578,MP_HOST_ENDGAME_RESPONSE
579,PLATFORM_PRESS_TO_SKIP
580,PLATFORM_PRESS_TO_RESPAWN
581,PLATFORM_PRESS_TO_COPYCAT
582,MP_KILLSTREAK_N
583,MP_NUKE_ALREADY_INBOUND
584,MP_UNAVILABLE_IN_LASTSTAND
585,MP_UNAVAILABLE_WHEN_EMP
586,MP_UNAVAILABLE_USING_TURRET
587,MP_UNAVAILABLE_WHEN_INCAP
588,MP_HELI_IN_QUEUE
589,MP_EARNED_UAV
590,MP_EARNED_HELICOPTER
591,MP_EARNED_AC130
592,MP_EARNED_PREDATOR_MISSILE
593,MP_EARNED_HELICOPTER_MINIGUN
594,MP_EARNED_NUKE
595,MP_EARNED_PRECISION_AIRSTRIKE
596,MP_EARNED_COUNTER_UAV
597,MP_EARNED_AUTO_SENTRY
598,MP_EARNED_AIRDROP
599,MP_EARNED_SENTRY_AIRDROP
600,MP_EARNED_PAVELOW
601,MP_EARNED_EMP
602,MP_EARNED_AIRDROP_MEGA
603,MP_EARNED_STEALTH_AIRSTRIKE
604,MP_EARNED_HARRIER_AIRSTRIKE
605,AC130_HUD_THERMAL_WHOT
606,AC130_HUD_THERMAL_BHOT
607,AC130_HUD_AGL
608,MP_CIVILIAN_AIR_TRAFFIC
609,MP_WAR_RADAR_ACQUIRED
610,MP_WAR_RADAR_ACQUIRED_ENEMY
611,MP_WAR_RADAR_EXPIRED
612,MP_WAR_RADAR_EXPIRED_ENEMY
613,MP_WAR_COUNTER_RADAR_ACQUIRED
614,MP_WAR_COUNTER_RADAR_ACQUIRED_ENEMY
615,MP_WAR_COUNTER_RADAR_EXPIRED
616,MP_WAR_COUNTER_RADAR_EXPIRED_ENEMY
617,MP_WAR_AIRSTRIKE_INBOUND_NEAR_YOUR_POSITION
618,MP_WAR_AIRSTRIKE_INBOUND
619,MP_AIR_SPACE_TOO_CROWDED
620,PLATFORM_GET_RANDOM
621,PLATFORM_GET_KILLSTREAK
622,PLATFORM_CALL_NUKE
623,MP_CAPTURING_CRATE
624,MP_TACTICAL_NUKE_CALLED
625,MP_FRIENDLY_TACTICAL_NUKE
626,MP_TACTICAL_NUKE
627,MPUI_CHANGING_KIT
628,MP_DESTROY_TI
629,MP_FIRSTPLACE_NAME
630,MP_SECONDPLACE_NAME
631,MP_THIRDPLACE_NAME
632,MP_MATCH_BONUS_IS
633,QUICKMESSAGE_FOLLOW_ME
634,QUICKMESSAGE_MOVE_IN
635,QUICKMESSAGE_FALL_BACK
636,QUICKMESSAGE_SUPPRESSING_FIRE
637,QUICKMESSAGE_ATTACK_LEFT_FLANK
638,QUICKMESSAGE_ATTACK_RIGHT_FLANK
639,QUICKMESSAGE_HOLD_THIS_POSITION
640,QUICKMESSAGE_REGROUP
641,QUICKMESSAGE_ENEMY_SPOTTED
642,QUICKMESSAGE_ENEMIES_SPOTTED
643,QUICKMESSAGE_IM_IN_POSITION
644,QUICKMESSAGE_AREA_SECURE
645,QUICKMESSAGE_GRENADE
646,QUICKMESSAGE_SNIPER
647,QUICKMESSAGE_NEED_REINFORCEMENTS
648,QUICKMESSAGE_HOLD_YOUR_FIRE
649,QUICKMESSAGE_YES_SIR
650,QUICKMESSAGE_NO_SIR
651,QUICKMESSAGE_IM_ON_MY_WAY
652,QUICKMESSAGE_SORRY
653,QUICKMESSAGE_GREAT_SHOT
654,QUICKMESSAGE_TOOK_LONG_ENOUGH
655,QUICKMESSAGE_ARE_YOU_CRAZY
656,QUICKMESSAGE_WATCH_SIX
657,QUICKMESSAGE_COME_ON
658,PLATFORM_PRESS_TO_SPAWN
659,MP_WAITING_FOR_TEAMS
660,MP_OPPONENT_FORFEITING_IN
661,MP_MATCH_STARTING_IN
662,MP_MATCH_RESUMING_IN
663,MP_WAITING_FOR_PLAYERS
664,MP_SPAWN_NEXT_ROUND
665,MP_WAITING_TO_SPAWN
666,MP_WAITING_TO_SAFESPAWN
667,MP_MATCH_STARTING
668,MP_CHANGE_CLASS_NEXT_SPAWN
669,MPUI_LAST_STAND
670,MPUI_FINAL_STAND
671,MPUI_C4_DEATH
672,PLATFORM_COWARDS_WAY_OUT
673,MP_MATCH_TIE
674,MP_ROUND_DRAW
675,MP_GRABBED_FLAG_FIRST
676,MP_ENEMIES_ELIMINATED
677,MP_SCORE_LIMIT_REACHED
678,MP_ROUND_LIMIT_REACHED
679,MP_TIME_LIMIT_REACHED
680,MP_PLAYERS_FORFEITED
681,SAS_WIN
682,SPETSNAZ_WIN
683,MP_TF141_ELIMINATED
684,MP_TF141_FORFEITED
685,MP_TASKFORCE_NAME
686,MP_OPFOR_ELIMINATED
687,MP_OPFOR_FORFEITED
688,MP_OPFORCE_COMPOSITE_NAME
689,MP_AMMO_PICKUP
690,MP_UAV_PICKUP
691,MP_COUNTER_UAV_PICKUP
692,MP_SENTRY_PICKUP
693,MP_PREDATOR_MISSILE_PICKUP
694,MP_AIRSTRIKE_PICKUP
695,MP_PRECISION_AIRSTRIKE_PICKUP
696,MP_HARRIER_AIRSTRIKE_PICKUP
697,MP_HELICOPTER_PICKUP
698,MP_HELICOPTER_FLARES_PICKUP
699,MP_STEALTH_AIRSTRIKE_PICKUP
700,MP_HELICOPTER_MINIGUN_PICKUP
701,MP_AC130_PICKUP
702,MP_EMP_PICKUP
703,MP_NUKE_PICKUP
704,MP_DRAW
705,MP_ROUND_WIN
706,MP_ROUND_LOSS
707,MP_VICTORY
708,MP_DEFEAT
709,OBJECTIVES_KOTH
710,OBJECTIVES_KOTH_SCORE
711,MP_CONTROL_HQ
712,MP_CAPTURE_HQ
713,MP_DESTROY_HQ
714,MP_DEFEND_HQ
715,MP_HQ_AVAILABLE_IN
716,MP_HQ_REINFORCEMENTS_IN
717,MP_HQ_DESPAWN_IN
718,MP_CAPTURING_HQ
719,MP_DESTROYING_HQ
1111,n\ambient_mp_crash\t\0\r\100
1112,n\ambient_ac130_int1\t\0
1113,0
1114,"compass_map_mp_crash_dlc" 2735.000000 2528.000000 -1959.000000 -2166.000000
1116,"mpintro" 0
1117,"default_night_mp" 1000
1118,"missilecam" 1000
1119,"thermal_mp" 1000
1120,"mp_crash" 1000
1122,map_artillery_selector
1123,map_nuke_selector
1126,defaultweapon
1127,defaultvehicle
1128,utility_transformer_small01
1129,me_electricbox4
1130,me_lightfluohang_on
1131,me_electricbox2
1132,com_ex_airconditioner
1133,me_fanceil1
1134,com_tv1
1135,ma_flatscreen_tv_wallmount_02
1136,com_tv2
1137,ma_flatscreen_tv_wallmount_01
1138,vehicle_80s_sedan1_red_destructible_mp
1139,vehicle_80s_sedan1_brn_destructible_mp
1140,prop_flag_neutral
1141,com_plasticcase_green_big_us_dirt
1142,foliage_tree_river_birch_med_a_animated
1143,vehicle_80s_sedan1_green_destructible_mp
1144,foliage_tree_palm_bushy_3
1145,foliage_tree_river_birch_xl_a_animated
1146,com_bomb_objective_d
1147,com_bomb_objective
1148,mil_tntbomb_mp
1149,com_plasticcase_beige_big
1150,com_laptop_2_open
1151,com_cellphone_on
1152,vehicle_pickup_destructible_mp
1153,utility_transformer_ratnest01
1154,vehicle_mig29_desert
1155,projectile_cbu97_clusterbomb
1156,tag_origin
1157,vehicle_80s_sedan1_red_destroyed
1158,vehicle_80s_sedan1_red_hood
1159,vehicle_80s_sedan1_red_trunk
1160,vehicle_80s_sedan1_red_wheel_lf
1161,vehicle_80s_sedan1_red_door_rf
1162,vehicle_80s_sedan1_red_door_rb
1163,vehicle_80s_sedan1_red_bumper_f
1164,vehicle_80s_sedan1_red_bumper_b
1165,vehicle_80s_sedan1_red_mirror_l
1166,vehicle_80s_sedan1_red_mirror_r
1167,vehicle_80s_sedan1_brn_destroyed
1168,vehicle_80s_sedan1_brn_hood
1169,vehicle_80s_sedan1_brn_trunk
1170,vehicle_80s_sedan1_brn_wheel_lf
1171,vehicle_80s_sedan1_brn_door_rf
1172,vehicle_80s_sedan1_brn_door_rb
1173,vehicle_80s_sedan1_brn_bumper_f
1174,vehicle_80s_sedan1_brn_bumper_b
1175,vehicle_80s_sedan1_brn_mirror_l
1176,vehicle_80s_sedan1_brn_mirror_r
1177,vehicle_80s_sedan1_green_destroyed
1178,vehicle_80s_sedan1_green_hood
1179,vehicle_80s_sedan1_green_trunk
1180,vehicle_80s_sedan1_green_wheel_lf
1181,vehicle_80s_sedan1_green_door_rf
1182,vehicle_80s_sedan1_green_door_rb
1183,vehicle_80s_sedan1_green_bumper_f
1184,vehicle_80s_sedan1_green_bumper_b
1185,vehicle_80s_sedan1_green_mirror_l
1186,vehicle_80s_sedan1_green_mirror_r
1187,vehicle_pickup_destroyed
1188,vehicle_pickup_hood
1189,vehicle_pickup_door_lf
1190,vehicle_pickup_door_rf
1191,vehicle_pickup_mirror_l
1192,vehicle_pickup_mirror_r
1193,utility_transformer_small01_dest
1194,me_electricbox4_dest
1195,me_electricbox4_door
1196,me_lightfluohang_single_destroyed
1197,me_electricbox2_dest
1198,me_electricbox2_door
1199,me_electricbox2_door_upper
1200,com_ex_airconditioner_dam
1201,com_ex_airconditioner_fan
1202,me_fanceil1_des
1203,com_tv1_d
1204,ma_flatscreen_tv_wallmount_broken_02
1205,com_tv2_d
1206,ma_flatscreen_tv_wallmount_broken_01
1207,utility_transformer_ratnest01_dest
1208,mp_body_desert_tf141_assault_a
1209,head_tf141_desert_a
1210,head_tf141_desert_b
1211,head_tf141_desert_c
1212,head_tf141_desert_d
1213,viewhands_tf141
1214,mp_body_desert_tf141_assault_b
1215,mp_body_desert_tf141_lmg
1216,mp_body_desert_tf141_smg
1217,mp_body_desert_tf141_shotgun
1218,mp_body_tf141_desert_sniper
1219,head_allies_tf141_desert_sniper
1220,viewhands_sniper_tf141_desert
1221,mp_body_riot_tf141_desert
1222,head_riot_tf141_desert
1223,mp_body_opforce_arab_assault_a
1224,head_opforce_arab_a
1225,head_opforce_arab_b
1226,head_opforce_arab_c
1227,head_opforce_arab_d_hat
1228,head_opforce_arab_e
1229,viewhands_militia
1230,mp_body_opforce_arab_lmg_a
1231,mp_body_opforce_arab_shotgun_a
1232,mp_body_opforce_arab_smg_a
1233,mp_body_op_arab_sniper
1234,head_op_arab_sniper
1235,viewhands_sniper_op_arab
1236,mp_body_riot_op_arab
1237,head_riot_op_arab
1238,mp_body_ally_sniper_ghillie_urban
1239,head_allies_sniper_ghillie_urban
1240,viewhands_ghillie_urban
1241,mp_body_op_sniper_ghillie_urban
1242,head_op_sniper_ghillie_urban
1243,weapon_riot_shield_mp
1244,weapon_beretta
1245,weapon_usp
1246,weapon_desert_eagle_tactical
1247,weapon_colt_anaconda
1248,weapon_desert_eagle_gold
1249,weapon_glock_green
1250,weapon_beretta_393
1251,weapon_pp2000
1252,weapon_pp2000_woodland
1253,weapon_pp2000_desert
1254,weapon_pp2000_arctic
1255,weapon_pp2000_digital
1256,weapon_pp2000_red_urban
1257,weapon_pp2000_red_tiger
1258,weapon_pp2000_blue_tiger
1259,weapon_pp2000_orange_fall
1260,weapon_mp9
1261,weapon_mp9_woodland
1262,weapon_mp9_desert
1263,weapon_mp9_arctic
1264,weapon_mp9_digital
1265,weapon_mp9_red_urban
1266,weapon_mp9_red_tiger
1267,weapon_mp9_blue_tiger
1268,weapon_mp9_orange_fall
1269,weapon_mp5k
1270,weapon_mp5k_woodland
1271,weapon_mp5k_desert
1272,weapon_mp5k_arctic
1273,weapon_mp5k_digital
1274,weapon_mp5k_red_urban
1275,weapon_mp5k_red_tiger
1276,weapon_mp5k_blue_tiger
1277,weapon_mp5k_orange_fall
1278,weapon_mini_uzi
1279,weapon_mini_uzi_woodland
1280,weapon_mini_uzi_desert
1281,weapon_mini_uzi_arctic
1282,weapon_mini_uzi_digital
1283,weapon_mini_uzi_red_urban
1284,weapon_mini_uzi_red_tiger
1285,weapon_mini_uzi_blue_tiger
1286,weapon_mini_uzi_orange_fall
1287,weapon_p90
1288,weapon_p90_woodland
1289,weapon_p90_desert
1290,weapon_p90_arctic
1291,weapon_p90_digital
1292,weapon_p90_red_urban
1293,weapon_p90_red_tiger
1294,weapon_p90_blue_tiger
1295,weapon_p90_orange_fall
1296,weapon_kriss
1297,weapon_kriss_woodland
1298,weapon_kriss_desert
1299,weapon_kriss_arctic
1300,weapon_kriss_digital
1301,weapon_kriss_red_urban
1302,weapon_kriss_red_tiger
1303,weapon_kriss_blue_tiger
1304,weapon_kriss_orange_fall
1305,weapon_ump45
1306,weapon_ump45_woodland
1307,weapon_ump45_desert
1308,weapon_ump45_arctic
1309,weapon_ump45_digital
1310,weapon_ump45_red_urban
1311,weapon_ump45_red_tiger
1312,weapon_ump45_blue_tiger
1313,weapon_ump45_orange_fall
1314,weapon_ak47_tactical
1315,weapon_ak47_tactical_woodland
1316,weapon_ak47_tactical_desert
1317,weapon_ak47_tactical_arctic
1318,weapon_ak47_tactical_digital
1319,weapon_ak47_tactical_red_urban
1320,weapon_ak47_tactical_red_tiger
1321,weapon_ak47_tactical_blue_tiger
1322,weapon_ak47_tactical_orange_fall
1323,projectile_m203grenade
1324,weapon_m16
1325,weapon_m16_woodland
1326,weapon_m16_desert
1327,weapon_m16_arctic
1328,weapon_m16_digital
1329,weapon_m16_red_urban
1330,weapon_m16_red_tiger
1331,weapon_m16_blue_tiger
1332,weapon_m16_orange_fall
1333,weapon_m4
1334,weapon_m4_woodland
1335,weapon_m4_desert
1336,weapon_m4_arctic
1337,weapon_m4_digital
1338,weapon_m4_red_urban
1339,weapon_m4_red_tiger
1340,weapon_m4_blue_tiger
1341,weapon_m4_orange_fall
1342,weapon_fn2000
1343,weapon_fn2000_woodland
1344,weapon_fn2000_desert
1345,weapon_fn2000_arctic
1346,weapon_fn2000_digital
1347,weapon_fn2000_red_urban
1348,weapon_fn2000_red_tiger
1349,weapon_fn2000_blue_tiger
1350,weapon_fn2000_orange_fall
1351,weapon_magpul_masada_dust
1352,weapon_magpul_masada_woodland
1353,weapon_magpul_masada_desert
1354,weapon_magpul_masada_arctic
1355,weapon_magpul_masada_digital
1356,weapon_magpul_masada_red_urban
1357,weapon_magpul_masada_red_tiger
1358,weapon_magpul_masada_blue_tiger
1359,weapon_magpul_masada_orange_fall
1360,weapon_famas
1361,weapon_famas_f1_woodland
1362,weapon_famas_f1_desert
1363,weapon_famas_f1_arctic
1364,weapon_famas_f1_digital
1365,weapon_famas_f1_red_urban
1366,weapon_famas_f1_red_tiger
1367,weapon_famas_f1_blue_tiger
1368,weapon_famas_f1_orange_fall
1369,weapon_fn_fal
1370,weapon_fn_fal_woodland
1371,weapon_fn_fal_desert
1372,weapon_fn_fal_arctic
1373,weapon_fn_fal_digital
1374,weapon_fn_fal_red_urban
1375,weapon_fn_fal_red_tiger
1376,weapon_fn_fal_blue_tiger
1377,weapon_fn_fal_orange_fall
1378,weapon_scar_h
1379,weapon_scar_h_woodland
1380,weapon_scar_h_desert
1381,weapon_scar_h_arctic
1382,weapon_scar_h_digital
1383,weapon_scar_h_red_urban
1384,weapon_scar_h_red_tiger
1385,weapon_scar_h_blue_tiger
1386,weapon_scar_h_orange_fall
1387,weapon_tavor
1388,weapon_tavor_woodland
1389,weapon_tavor_desert
1390,weapon_tavor_arctic
1391,weapon_tavor_digital
1392,weapon_tavor_red_urban
1393,weapon_tavor_red_tiger
1394,weapon_tavor_blue_tiger
1395,weapon_tavor_orange_fall
1396,weapon_m79
1397,weapon_rpg7
1398,projectile_rpg7
1399,weapon_at4
1400,projectile_at4
1401,weapon_stinger
1402,projectile_stinger_missile
1403,weapon_javelin
1404,projectile_javelin_missile
1405,weapon_m82
1406,weapon_m82_woodland
1407,weapon_m82_desert
1408,weapon_m82_arctic
1409,weapon_m82_digital
1410,weapon_m82_red_urban
1411,weapon_m82_red_tiger
1412,weapon_m82_blue_tiger
1413,weapon_m82_orange_fall
1414,weapon_wa2000
1415,weapon_wa2000_woodland
1416,weapon_wa2000_desert
1417,weapon_wa2000_arctic
1418,weapon_wa2000_digital
1419,weapon_wa2000_red_urban
1420,weapon_wa2000_red_tiger
1421,weapon_wa2000_blue_tiger
1422,weapon_wa2000_orange_fall
1423,weapon_m14ebr_tan
1424,weapon_m14ebr_woodland
1425,weapon_m14ebr_desert
1426,weapon_m14ebr_arctic
1427,weapon_m14ebr_digital
1428,weapon_m14ebr_red_urban
1429,weapon_m14ebr_red_tiger
1430,weapon_m14ebr_blue_tiger
1431,weapon_m14ebr_orange_fall
1432,weapon_cheytac
1433,weapon_cheytac_woodland
1434,weapon_cheytac_desert
1435,weapon_cheytac_arctic
1436,weapon_cheytac_digital
1437,weapon_cheytac_red_urban
1438,weapon_cheytac_red_tiger
1439,weapon_cheytac_blue_tiger
1440,weapon_cheytac_orange_fall
1441,weapon_sawed_off_double_barrel
1442,weapon_model1887
1443,weapon_striker
1444,weapon_striker_woodland
1445,weapon_striker_desert
1446,weapon_striker_arctic
1447,weapon_striker_digital
1448,weapon_striker_red_urban
1449,weapon_striker_red_tiger
1450,weapon_striker_blue_tiger
1451,weapon_striker_orange_fall
1452,weapon_aa12
1453,weapon_aa12_2_woodland
1454,weapon_aa12_2_desert
1455,weapon_aa12_2_arctic
1456,weapon_aa12_2_digital
1457,weapon_aa12_2_red_urban
1458,weapon_aa12_2_red_tiger
1459,weapon_aa12_2_blue_tiger
1460,weapon_aa12_2_orange_fall
1461,weapon_benelli_super_90
1462,weapon_benelli_super_90_woodland
1463,weapon_benelli_super_90_desert
1464,weapon_benelli_super_90_arctic
1465,weapon_benelli_super_90_digital
1466,weapon_benelli_super_90_red_urban
1467,weapon_benelli_super_90_red_tiger
1468,weapon_benelli_super_90_blue_tiger
1469,weapon_benelli_super_90_orange_fall
1470,weapon_spas12
1471,weapon_spas12_woodland
1472,weapon_spas12_desert
1473,weapon_spas12_arctic
1474,weapon_spas12_digital
1475,weapon_spas12_red_urban
1476,weapon_spas12_red_tiger
1477,weapon_spas12_blue_tiger
1478,weapon_spas12_orange_fall
1479,weapon_rpd
1480,weapon_rpd_woodland
1481,weapon_rpd_desert
1482,weapon_rpd_arctic
1483,weapon_rpd_digital
1484,weapon_rpd_red_urban
1485,weapon_rpd_red_tiger
1486,weapon_rpd_blue_tiger
1487,weapon_rpd_orange_fall
1488,weapon_sa80_lmg
1489,weapon_sa80_lmg_woodland
1490,weapon_sa80_lmg_desert
1491,weapon_sa80_lmg_arctic
1492,weapon_sa80_lmg_digital
1493,weapon_sa80_lmg_red_urban
1494,weapon_sa80_lmg_red_tiger
1495,weapon_sa80_lmg_blue_tiger
1496,weapon_sa80_lmg_orange_fall
1497,weapon_mg4
1498,weapon_mg4_woodland
1499,weapon_mg4_desert
1500,weapon_mg4_arctic
1501,weapon_mg4_digital
1502,weapon_mg4_red_urban
1503,weapon_mg4_red_tiger
1504,weapon_mg4_blue_tiger
1505,weapon_mg4_orange_fall
1506,weapon_m240
1507,weapon_m240_woodland
1508,weapon_m240_desert
1509,weapon_m240_arctic
1510,weapon_m240_digital
1511,weapon_m240_red_urban
1512,weapon_m240_red_tiger
1513,weapon_m240_blue_tiger
1514,weapon_m240_orange_fall
1515,weapon_steyr_lmg
1516,weapon_steyr_woodland
1517,weapon_steyr_desert
1518,weapon_steyr_arctic
1519,weapon_steyr_digital
1520,weapon_steyr_red_urban
1521,weapon_steyr_red_tiger
1522,weapon_steyr_blue_tiger
1523,weapon_steyr_orange_fall
1524,weapon_c4_mp
1525,weapon_c4
1526,weapon_claymore_no_legs
1527,weapon_claymore
1528,projectile_us_smoke_grenade
1529,weapon_scavenger_grenadebag
1530,projectile_semtex_grenade
1531,projectile_m67fraggrenade
1532,weapon_m84_flashbang_grenade
1533,projectile_m84_flashbang_grenade
1534,weapon_us_smoke_grenade
1535,weapon_concussion_grenade
1536,projectile_concussion_grenade
1537,weapon_parabolic_knife
1538,weapon_oma_pack_in_hand
1539,weapon_m67_grenade
1540,weapon_stow_mid_up
1541,weapon_stow_mid
1542,weapon_rpg7_stow
1543,weapon_at4_stow
1544,weapon_stinger_stow
1545,weapon_javelin_stow
1546,weapon_oma_pack
1547,weapon_claymore_bombsquad
1548,weapon_c4_bombsquad
1549,projectile_m67fraggrenade_bombsquad
1550,projectile_semtex_grenade_bombsquad
1551,weapon_light_stick_tactical_bombsquad
1552,prop_suitcase_bomb
1553,weapon_uav_control_unit
1554,vehicle_ac130_coop
1555,projectile_tag
1556,angel_flare_rig
1557,c130_zoomrig
1558,vehicle_uav_static_mp
1559,prop_remotecontrol
1560,vehicle_av8b_harrier_jet_mp
1561,vehicle_av8b_harrier_jet_opfor_mp
1562,weapon_minigun
1563,vehicle_b2_bomber
1564,projectile_hellfire_missile
1565,com_plasticcase_friendly
1566,com_plasticcase_enemy
1567,vehicle_little_bird_armed
1568,vehicle_ac130_low_mp
1569,sentry_minigun_folded
1570,com_plasticcase_taskforce141
1571,com_plasticcase_arab
1572,vehicle_cobra_helicopter_fly_low
1573,vehicle_mi24p_hind_mp
1574,vehicle_mi-28_mp
1575,vehicle_apache_mp
1576,vehicle_pavelow
1577,vehicle_pavelow_opfor
1578,sentry_minigun
1579,sentry_minigun_obj
1580,sentry_minigun_obj_red
1581,sentry_minigun_destroyed
1582,viewmodel_riot_shield_mp
1583,mil_emergency_flare_mp
1584,test_sphere_silver
1638,defaultvehicle
1639,harrier_mp
1640,littlebird_mp
1641,cobra_mp
1642,cobra_minigun_mp
1643,pavelow_mp
1670,airconditioner_running_loop
1926,fire/jet_afterburner
1927,smoke/jet_contrail
1928,misc/fluorescent_spotlight
1929,fire/firelp_med_pm_nodistort
1930,fire/firelp_small_pm
1931,fire/firelp_small_pm_a
1932,dust/dust_wind_fast_paper
1933,dust/dust_wind_slow_paper
1934,misc/trash_spiral_runner
1935,smoke/battlefield_smokebank_s
1936,smoke/hallway_smoke_light
1937,smoke/car_damage_whitesmoke
1938,smoke/car_damage_blacksmoke
1939,smoke/car_damage_blacksmoke_fire
1940,explosions/small_vehicle_explosion
1941,props/car_glass_large
1942,props/car_glass_med
1943,props/car_glass_headlight
1944,props/car_glass_brakelight
1945,explosions/transformer_spark_runner
1946,fire/transformer_small_blacksmoke_fire
1947,explosions/transformer_explosion
1948,props/electricbox4_explode
1949,misc/light_fluorescent_single_blowout_runner
1950,misc/light_blowout_swinging_runner
1951,explosions/airconditioner_ex_explode
1952,explosions/ceiling_fan_explosion
1953,explosions/tv_explosion
1954,explosions/tv_flatscreen_explosion
1955,fire/transformer_blacksmoke_fire
1956,misc/power_tower_light_red_blink
1957,misc/thermal_beacon_inverted
1958,explosions/aerial_explosion_large
1959,smoke/angel_flare_geotrail
1960,smoke/angel_flare_swirl_runner
1961,misc/ac130_cloud
1962,misc/ir_beacon_coop
1963,explosions/aerial_explosion_ac130_coop
1964,misc/flares_cobra
1965,misc/aircraft_light_wingtip_red
1966,misc/aircraft_light_white_blink
1967,misc/aircraft_light_red_blink
1968,fire/jet_engine_ac130
1969,muzzleflashes/ac130_105mm
1970,muzzleflashes/ac130_40mm
1971,explosions/helicopter_explosion_cobra_low
1972,fire/fire_smoke_trail_l
1973,explosions/clusterbomb
1974,explosions/artilleryexp_dirt_brown
1975,explosions/wall_explosion_pm_a
1976,explosions/stealth_bomb_mp
1977,fire/jet_afterburner_harrier_damaged
1978,explosions/aerial_explosion_harrier
1979,fire/jet_afterburner_harrier
1980,explosions/tanker_explosion
1981,explosions/helicopter_explosion_secondary_small
1982,explosions/aerial_explosion
1983,smoke/smoke_trail_white_heli
1984,fire/fire_smoke_trail_l_emitter
1985,smoke/smoke_trail_white_heli_emitter
1986,smoke/smoke_trail_black_heli_emitter
1987,misc/aircraft_light_wingtip_green
1988,treadfx/heli_dust_default
1989,treadfx/heli_water
1990,explosions/aerial_explosion_cobra_low_mp
1991,explosions/helicopter_explosion_pavelow
1992,explosions/aerial_explosion_pavelow_mp
1993,explosions/helicopter_explosion_mi28_flying
1994,explosions/aerial_explosion_mi28_flying_mp
1995,explosions/helicopter_explosion_hind_chernobyl
1996,explosions/aerial_explosion_hind_chernobyl_mp
1997,explosions/helicopter_explosion_apache
1998,explosions/aerial_explosion_apache_mp
1999,explosions/aerial_explosion_littlebird_mp
2000,smoke/sentry_turret_overheat_smoke
2001,explosions/sentry_gun_explosion
2002,explosions/emp_flash_mp
2003,explosions/player_death_nuke
2004,explosions/player_death_nuke_flash
2005,dust/nuke_aftermath_mp
2006,misc/flare_ambient
2007,misc/flare_ambient_green
2008,explosions/oxygen_tank_explosion
2009,props/barrelexp
2010,impacts/large_metalhit_1
2011,props/cash_player_drop
2438,default
2439,concussion_grenade_mp
2440,flashbang_mp
2441,frag_grenade_mp
2442,damage_mp
2443,ac130
2453,muteplayer
2454,scoreboard
2455,team_marinesopfor
2456,class_marines
2457,changeclass_marines
2458,initteam_marines
2459,class_opfor
2460,changeclass_opfor
2461,class
2462,changeclass
2463,initteam_opfor
2464,onemanarmy
2465,dirt_effect_center
2466,dirt_effect_left
2467,dirt_effect_right
2468,ac130timer
2469,splash
2470,challenge
2471,defcon
2472,killstreak
2473,perk_display
2474,perk_hide
2475,killedby_card_display
2476,killedby_card_hide
2477,youkilled_card_display
2478,endgameupdate
2479,quickcommands
2480,quickstatements
2481,quickresponses
2486,waypoint_captureneutral
2487,waypoint_capture
2488,waypoint_defend
2489,waypoint_targetneutral
2490,white
2491,black
2492,specialty_pistoldeath
2493,specialty_finalstand
2494,rank_pvt1
2495,rank_pfc1
2496,rank_spc1
2497,rank_cpl1
2498,rank_sgt1
2499,rank_ssgt1
2500,rank_sfc1
2501,rank_msgt1
2502,rank_1stsgt1
2503,rank_sgtmaj1
2504,rank_cmdsgtmaj1
2505,rank_2ndlt1
2506,rank_1stlt1
2507,rank_capt1
2508,rank_maj1
2509,rank_ltcol1
2510,rank_col1
2511,rank_bgen1
2512,rank_majgen1
2513,rank_ltgen1
2514,rank_gen1
2515,rank_comm1
2516,rank_prestige1
2517,rank_prestige2
2518,rank_prestige3
2519,rank_prestige4
2520,rank_prestige5
2521,rank_prestige6
2522,rank_prestige7
2523,rank_prestige8
2524,rank_prestige9
2525,rank_prestige10
2526,progress_bar_bg
2527,progress_bar_fg
2528,progress_bar_fill
2529,headicon_taskforce141
2530,headicon_arab
2531,specialty_copycat
2532,headicon_dead
2533,damage_feedback
2534,damage_feedback_j
2535,damage_feedback_endgame
2536,scavenger_pickup
2537,objpoint_default
2538,specialty_uav
2539,specialty_uav_crate
2540,specialty_helicopter_support
2541,specialty_helicopter_support_crate
2542,specialty_ac130
2543,specialty_ac130_crate
2544,specialty_predator_missile
2545,specialty_predator_missile_crate
2546,specialty_cobra_gunner
2547,specialty_cobra_gunner_crate
2548,specialty_nuke
2549,specialty_nuke_crate
2550,specialty_precision_airstrike
2551,specialty_precision_airstrike_crate
2552,specialty_counter_uav
2553,specialty_counter_uav_crate
2554,specialty_airdrop_sentry_minigun
2555,specialty_airdrop_sentry_minigun_crate
2556,specialty_carepackage
2557,dpad_killstreak_carepackage
2558,specialty_helicopter_flares
2559,specialty_helicopter_flares_crate
2560,specialty_emp
2561,specialty_emp_crate
2562,specialty_airdrop_emergency
2563,dpad_killstreak_emergency_airdrop
2564,specialty_stealth_bomber
2565,specialty_stealth_bomber_crate
2566,specialty_harrier_strike
2567,specialty_harrier_strike_crate
2568,ac130_overlay_grain
2569,faction_128_taskforce141_fade
2570,faction_128_arab_fade
2571,waypoint_ammo_friendly
2572,compass_objpoint_ammo_friendly
2573,compass_objpoint_ammo_enemy
2574,combathigh_overlay
2575,specialty_painkiller
2576,specialty_blastshield
2577,crosshair_red
2578,waypoint_revive
2579,faction_128_taskforce141
2580,faction_128_arab
2742,tag_player
2805,defaultweapon_mp
2806,riotshield_mp
2807,beretta_mp
2808,beretta_akimbo_mp
2809,beretta_fmj_mp
2810,beretta_silencer_mp
2811,beretta_tactical_mp
2812,beretta_xmags_mp
2813,beretta_akimbo_fmj_mp
2814,beretta_akimbo_silencer_mp
2815,beretta_akimbo_xmags_mp
2816,beretta_fmj_silencer_mp
2817,beretta_fmj_tactical_mp
2818,beretta_fmj_xmags_mp
2819,beretta_silencer_tactical_mp
2820,beretta_silencer_xmags_mp
2821,beretta_tactical_xmags_mp
2822,usp_mp
2823,usp_akimbo_mp
2824,usp_fmj_mp
2825,usp_silencer_mp
2826,usp_tactical_mp
2827,usp_xmags_mp
2828,usp_akimbo_fmj_mp
2829,usp_akimbo_silencer_mp
2830,usp_akimbo_xmags_mp
2831,usp_fmj_silencer_mp
2832,usp_fmj_tactical_mp
2833,usp_fmj_xmags_mp
2834,usp_silencer_tactical_mp
2835,usp_silencer_xmags_mp
2836,usp_tactical_xmags_mp
2837,deserteagle_mp
2838,deserteagle_akimbo_mp
2839,deserteagle_fmj_mp
2840,deserteagle_tactical_mp
2841,deserteagle_akimbo_fmj_mp
2842,deserteagle_fmj_tactical_mp
2843,coltanaconda_mp
2844,coltanaconda_akimbo_mp
2845,coltanaconda_fmj_mp
2846,coltanaconda_tactical_mp
2847,coltanaconda_akimbo_fmj_mp
2848,coltanaconda_fmj_tactical_mp
2849,deserteaglegold_mp
2850,glock_mp
2851,glock_akimbo_mp
2852,glock_eotech_mp
2853,glock_fmj_mp
2854,glock_reflex_mp
2855,glock_silencer_mp
2856,glock_xmags_mp
2857,glock_akimbo_fmj_mp
2858,glock_akimbo_silencer_mp
2859,glock_akimbo_xmags_mp
2860,glock_eotech_fmj_mp
2861,glock_eotech_silencer_mp
2862,glock_eotech_xmags_mp
2863,glock_fmj_reflex_mp
2864,glock_fmj_silencer_mp
2865,glock_fmj_xmags_mp
2866,glock_reflex_silencer_mp
2867,glock_reflex_xmags_mp
2868,glock_silencer_xmags_mp
2869,beretta393_mp
2870,beretta393_akimbo_mp
2871,beretta393_eotech_mp
2872,beretta393_fmj_mp
2873,beretta393_reflex_mp
2874,beretta393_silencer_mp
2875,beretta393_xmags_mp
2876,beretta393_akimbo_fmj_mp
2877,beretta393_akimbo_silencer_mp
2878,beretta393_akimbo_xmags_mp
2879,beretta393_eotech_fmj_mp
2880,beretta393_eotech_silencer_mp
2881,beretta393_eotech_xmags_mp
2882,beretta393_fmj_reflex_mp
2883,beretta393_fmj_silencer_mp
2884,beretta393_fmj_xmags_mp
2885,beretta393_reflex_silencer_mp
2886,beretta393_reflex_xmags_mp
2887,beretta393_silencer_xmags_mp
2888,pp2000_mp
2889,pp2000_akimbo_mp
2890,pp2000_eotech_mp
2891,pp2000_fmj_mp
2892,pp2000_reflex_mp
2893,pp2000_silencer_mp
2894,pp2000_xmags_mp
2895,pp2000_akimbo_fmj_mp
2896,pp2000_akimbo_silencer_mp
2897,pp2000_akimbo_xmags_mp
2898,pp2000_eotech_fmj_mp
2899,pp2000_eotech_silencer_mp
2900,pp2000_eotech_xmags_mp
2901,pp2000_fmj_reflex_mp
2902,pp2000_fmj_silencer_mp
2903,pp2000_fmj_xmags_mp
2904,pp2000_reflex_silencer_mp
2905,pp2000_reflex_xmags_mp
2906,pp2000_silencer_xmags_mp
2907,tmp_mp
2908,tmp_akimbo_mp
2909,tmp_eotech_mp
2910,tmp_fmj_mp
2911,tmp_reflex_mp
2912,tmp_silencer_mp
2913,tmp_xmags_mp
2914,tmp_akimbo_fmj_mp
2915,tmp_akimbo_silencer_mp
2916,tmp_akimbo_xmags_mp
2917,tmp_eotech_fmj_mp
2918,tmp_eotech_silencer_mp
2919,tmp_eotech_xmags_mp
2920,tmp_fmj_reflex_mp
2921,tmp_fmj_silencer_mp
2922,tmp_fmj_xmags_mp
2923,tmp_reflex_silencer_mp
2924,tmp_reflex_xmags_mp
2925,tmp_silencer_xmags_mp
2926,mp5k_mp
2927,mp5k_acog_mp
2928,mp5k_akimbo_mp
2929,mp5k_eotech_mp
2930,mp5k_fmj_mp
2931,mp5k_reflex_mp
2932,mp5k_rof_mp
2933,mp5k_silencer_mp
2934,mp5k_thermal_mp
2935,mp5k_xmags_mp
2936,mp5k_acog_fmj_mp
2937,mp5k_acog_rof_mp
2938,mp5k_acog_silencer_mp
2939,mp5k_acog_xmags_mp
2940,mp5k_akimbo_fmj_mp
2941,mp5k_akimbo_rof_mp
2942,mp5k_akimbo_silencer_mp
2943,mp5k_akimbo_xmags_mp
2944,mp5k_eotech_fmj_mp
2945,mp5k_eotech_rof_mp
2946,mp5k_eotech_silencer_mp
2947,mp5k_eotech_xmags_mp
2948,mp5k_fmj_reflex_mp
2949,mp5k_fmj_rof_mp
2950,mp5k_fmj_silencer_mp
2951,mp5k_fmj_thermal_mp
2952,mp5k_fmj_xmags_mp
2953,mp5k_reflex_rof_mp
2954,mp5k_reflex_silencer_mp
2955,mp5k_reflex_xmags_mp
2956,mp5k_rof_silencer_mp
2957,mp5k_rof_thermal_mp
2958,mp5k_rof_xmags_mp
2959,mp5k_silencer_thermal_mp
2960,mp5k_silencer_xmags_mp
2961,mp5k_thermal_xmags_mp
2962,uzi_mp
2963,uzi_acog_mp
2964,uzi_akimbo_mp
2965,uzi_eotech_mp
2966,uzi_fmj_mp
2967,uzi_reflex_mp
2968,uzi_rof_mp
2969,uzi_silencer_mp
2970,uzi_thermal_mp
2971,uzi_xmags_mp
2972,uzi_acog_fmj_mp
2973,uzi_acog_rof_mp
2974,uzi_acog_silencer_mp
2975,uzi_acog_xmags_mp
2976,uzi_akimbo_fmj_mp
2977,uzi_akimbo_rof_mp
2978,uzi_akimbo_silencer_mp
2979,uzi_akimbo_xmags_mp
2980,uzi_eotech_fmj_mp
2981,uzi_eotech_rof_mp
2982,uzi_eotech_silencer_mp
2983,uzi_eotech_xmags_mp
2984,uzi_fmj_reflex_mp
2985,uzi_fmj_rof_mp
2986,uzi_fmj_silencer_mp
2987,uzi_fmj_thermal_mp
2988,uzi_fmj_xmags_mp
2989,uzi_reflex_rof_mp
2990,uzi_reflex_silencer_mp
2991,uzi_reflex_xmags_mp
2992,uzi_rof_silencer_mp
2993,uzi_rof_thermal_mp
2994,uzi_rof_xmags_mp
2995,uzi_silencer_thermal_mp
2996,uzi_silencer_xmags_mp
2997,uzi_thermal_xmags_mp
2998,p90_mp
2999,p90_acog_mp
3000,p90_akimbo_mp
3001,p90_eotech_mp
3002,p90_fmj_mp
3003,p90_reflex_mp
3004,p90_rof_mp
3005,p90_silencer_mp
3006,p90_thermal_mp
3007,p90_xmags_mp
3008,p90_acog_fmj_mp
3009,p90_acog_rof_mp
3010,p90_acog_silencer_mp
3011,p90_acog_xmags_mp
3012,p90_akimbo_fmj_mp
3013,p90_akimbo_rof_mp
3014,p90_akimbo_silencer_mp
3015,p90_akimbo_xmags_mp
3016,p90_eotech_fmj_mp
3017,p90_eotech_rof_mp
3018,p90_eotech_silencer_mp
3019,p90_eotech_xmags_mp
3020,p90_fmj_reflex_mp
3021,p90_fmj_rof_mp
3022,p90_fmj_silencer_mp
3023,p90_fmj_thermal_mp
3024,p90_fmj_xmags_mp
3025,p90_reflex_rof_mp
3026,p90_reflex_silencer_mp
3027,p90_reflex_xmags_mp
3028,p90_rof_silencer_mp
3029,p90_rof_thermal_mp
3030,p90_rof_xmags_mp
3031,p90_silencer_thermal_mp
3032,p90_silencer_xmags_mp
3033,p90_thermal_xmags_mp
3034,kriss_mp
3035,kriss_acog_mp
3036,kriss_akimbo_mp
3037,kriss_eotech_mp
3038,kriss_fmj_mp
3039,kriss_reflex_mp
3040,kriss_rof_mp
3041,kriss_silencer_mp
3042,kriss_thermal_mp
3043,kriss_xmags_mp
3044,kriss_acog_fmj_mp
3045,kriss_acog_rof_mp
3046,kriss_acog_silencer_mp
3047,kriss_acog_xmags_mp
3048,kriss_akimbo_fmj_mp
3049,kriss_akimbo_rof_mp
3050,kriss_akimbo_silencer_mp
3051,kriss_akimbo_xmags_mp
3052,kriss_eotech_fmj_mp
3053,kriss_eotech_rof_mp
3054,kriss_eotech_silencer_mp
3055,kriss_eotech_xmags_mp
3056,kriss_fmj_reflex_mp
3057,kriss_fmj_rof_mp
3058,kriss_fmj_silencer_mp
3059,kriss_fmj_thermal_mp
3060,kriss_fmj_xmags_mp
3061,kriss_reflex_rof_mp
3062,kriss_reflex_silencer_mp
3063,kriss_reflex_xmags_mp
3064,kriss_rof_silencer_mp
3065,kriss_rof_thermal_mp
3066,kriss_rof_xmags_mp
3067,kriss_silencer_thermal_mp
3068,kriss_silencer_xmags_mp
3069,kriss_thermal_xmags_mp
3070,ump45_mp
3071,ump45_acog_mp
3072,ump45_akimbo_mp
3073,ump45_eotech_mp
3074,ump45_fmj_mp
3075,ump45_reflex_mp
3076,ump45_rof_mp
3077,ump45_silencer_mp
3078,ump45_thermal_mp
3079,ump45_xmags_mp
3080,ump45_acog_fmj_mp
3081,ump45_acog_rof_mp
3082,ump45_acog_silencer_mp
3083,ump45_acog_xmags_mp
3084,ump45_akimbo_fmj_mp
3085,ump45_akimbo_rof_mp
3086,ump45_akimbo_silencer_mp
3087,ump45_akimbo_xmags_mp
3088,ump45_eotech_fmj_mp
3089,ump45_eotech_rof_mp
3090,ump45_eotech_silencer_mp
3091,ump45_eotech_xmags_mp
3092,ump45_fmj_reflex_mp
3093,ump45_fmj_rof_mp
3094,ump45_fmj_silencer_mp
3095,ump45_fmj_thermal_mp
3096,ump45_fmj_xmags_mp
3097,ump45_reflex_rof_mp
3098,ump45_reflex_silencer_mp
3099,ump45_reflex_xmags_mp
3100,ump45_rof_silencer_mp
3101,ump45_rof_thermal_mp
3102,ump45_rof_xmags_mp
3103,ump45_silencer_thermal_mp
3104,ump45_silencer_xmags_mp
3105,ump45_thermal_xmags_mp
3106,ak47_mp
3107,ak47_acog_mp
3108,ak47_eotech_mp
3109,ak47_fmj_mp
3110,ak47_gl_mp
3111,gl_ak47_mp
3112,ak47_heartbeat_mp
3113,ak47_reflex_mp
3114,ak47_shotgun_mp
3115,ak47_shotgun_attach_mp
3116,ak47_silencer_mp
3117,ak47_thermal_mp
3118,ak47_xmags_mp
3119,ak47_acog_fmj_mp
3120,ak47_acog_gl_mp
3121,ak47_acog_heartbeat_mp
3122,ak47_acog_shotgun_mp
3123,ak47_acog_silencer_mp
3124,ak47_acog_xmags_mp
3125,ak47_eotech_fmj_mp
3126,ak47_eotech_gl_mp
3127,ak47_eotech_heartbeat_mp
3128,ak47_eotech_shotgun_mp
3129,ak47_eotech_silencer_mp
3130,ak47_eotech_xmags_mp
3131,ak47_fmj_gl_mp
3132,ak47_fmj_heartbeat_mp
3133,ak47_fmj_reflex_mp
3134,ak47_fmj_shotgun_mp
3135,ak47_fmj_silencer_mp
3136,ak47_fmj_thermal_mp
3137,ak47_fmj_xmags_mp
3138,ak47_gl_heartbeat_mp
3139,ak47_gl_reflex_mp
3140,ak47_gl_silencer_mp
3141,ak47_gl_thermal_mp
3142,ak47_gl_xmags_mp
3143,ak47_heartbeat_reflex_mp
3144,ak47_heartbeat_shotgun_mp
3145,ak47_heartbeat_silencer_mp
3146,ak47_heartbeat_thermal_mp
3147,ak47_heartbeat_xmags_mp
3148,ak47_reflex_shotgun_mp
3149,ak47_reflex_silencer_mp
3150,ak47_reflex_xmags_mp
3151,ak47_shotgun_silencer_mp
3152,ak47_shotgun_thermal_mp
3153,ak47_shotgun_xmags_mp
3154,ak47_silencer_thermal_mp
3155,ak47_silencer_xmags_mp
3156,ak47_thermal_xmags_mp
3157,m16_mp
3158,m16_acog_mp
3159,m16_eotech_mp
3160,m16_fmj_mp
3161,m16_gl_mp
3162,gl_m16_mp
3163,m16_heartbeat_mp
3164,m16_reflex_mp
3165,m16_shotgun_mp
3166,m16_shotgun_attach_mp
3167,m16_silencer_mp
3168,m16_thermal_mp
3169,m16_xmags_mp
3170,m16_acog_fmj_mp
3171,m16_acog_gl_mp
3172,m16_acog_heartbeat_mp
3173,m16_acog_shotgun_mp
3174,m16_acog_silencer_mp
3175,m16_acog_xmags_mp
3176,m16_eotech_fmj_mp
3177,m16_eotech_gl_mp
3178,m16_eotech_heartbeat_mp
3179,m16_eotech_shotgun_mp
3180,m16_eotech_silencer_mp
3181,m16_eotech_xmags_mp
3182,m16_fmj_gl_mp
3183,m16_fmj_heartbeat_mp
3184,m16_fmj_reflex_mp
3185,m16_fmj_shotgun_mp
3186,m16_fmj_silencer_mp
3187,m16_fmj_thermal_mp
3188,m16_fmj_xmags_mp
3189,m16_gl_heartbeat_mp
3190,m16_gl_reflex_mp
3191,m16_gl_silencer_mp
3192,m16_gl_thermal_mp
3193,m16_gl_xmags_mp
3194,m16_heartbeat_reflex_mp
3195,m16_heartbeat_shotgun_mp
3196,m16_heartbeat_silencer_mp
3197,m16_heartbeat_thermal_mp
3198,m16_heartbeat_xmags_mp
3199,m16_reflex_shotgun_mp
3200,m16_reflex_silencer_mp
3201,m16_reflex_xmags_mp
3202,m16_shotgun_silencer_mp
3203,m16_shotgun_thermal_mp
3204,m16_shotgun_xmags_mp
3205,m16_silencer_thermal_mp
3206,m16_silencer_xmags_mp
3207,m16_thermal_xmags_mp
3208,m4_mp
3209,m4_acog_mp
3210,m4_eotech_mp
3211,m4_fmj_mp
3212,m4_gl_mp
3213,gl_m4_mp
3214,m4_heartbeat_mp
3215,m4_reflex_mp
3216,m4_shotgun_mp
3217,m4_shotgun_attach_mp
3218,m4_silencer_mp
3219,m4_thermal_mp
3220,m4_xmags_mp
3221,m4_acog_fmj_mp
3222,m4_acog_gl_mp
3223,m4_acog_heartbeat_mp
3224,m4_acog_shotgun_mp
3225,m4_acog_silencer_mp
3226,m4_acog_xmags_mp
3227,m4_eotech_fmj_mp
3228,m4_eotech_gl_mp
3229,m4_eotech_heartbeat_mp
3230,m4_eotech_shotgun_mp
3231,m4_eotech_silencer_mp
3232,m4_eotech_xmags_mp
3233,m4_fmj_gl_mp
3234,m4_fmj_heartbeat_mp
3235,m4_fmj_reflex_mp
3236,m4_fmj_shotgun_mp
3237,m4_fmj_silencer_mp
3238,m4_fmj_thermal_mp
3239,m4_fmj_xmags_mp
3240,m4_gl_heartbeat_mp
3241,m4_gl_reflex_mp
3242,m4_gl_silencer_mp
3243,m4_gl_thermal_mp
3244,m4_gl_xmags_mp
3245,m4_heartbeat_reflex_mp
3246,m4_heartbeat_shotgun_mp
3247,m4_heartbeat_silencer_mp
3248,m4_heartbeat_thermal_mp
3249,m4_heartbeat_xmags_mp
3250,m4_reflex_shotgun_mp
3251,m4_reflex_silencer_mp
3252,m4_reflex_xmags_mp
3253,m4_shotgun_silencer_mp
3254,m4_shotgun_thermal_mp
3255,m4_shotgun_xmags_mp
3256,m4_silencer_thermal_mp
3257,m4_silencer_xmags_mp
3258,m4_thermal_xmags_mp
3259,fn2000_mp
3260,fn2000_acog_mp
3261,fn2000_eotech_mp
3262,fn2000_fmj_mp
3263,fn2000_gl_mp
3264,gl_fn2000_mp
3265,fn2000_heartbeat_mp
3266,fn2000_reflex_mp
3267,fn2000_shotgun_mp
3268,fn2000_shotgun_attach_mp
3269,fn2000_silencer_mp
3270,fn2000_thermal_mp
3271,fn2000_xmags_mp
3272,fn2000_acog_fmj_mp
3273,fn2000_acog_gl_mp
3274,fn2000_acog_heartbeat_mp
3275,fn2000_acog_shotgun_mp
3276,fn2000_acog_silencer_mp
3277,fn2000_acog_xmags_mp
3278,fn2000_eotech_fmj_mp
3279,fn2000_eotech_gl_mp
3280,fn2000_eotech_heartbeat_mp
3281,fn2000_eotech_shotgun_mp
3282,fn2000_eotech_silencer_mp
3283,fn2000_eotech_xmags_mp
3284,fn2000_fmj_gl_mp
3285,fn2000_fmj_heartbeat_mp
3286,fn2000_fmj_reflex_mp
3287,fn2000_fmj_shotgun_mp
3288,fn2000_fmj_silencer_mp
3289,fn2000_fmj_thermal_mp
3290,fn2000_fmj_xmags_mp
3291,fn2000_gl_heartbeat_mp
3292,fn2000_gl_reflex_mp
3293,fn2000_gl_silencer_mp
3294,fn2000_gl_thermal_mp
3295,fn2000_gl_xmags_mp
3296,fn2000_heartbeat_reflex_mp
3297,fn2000_heartbeat_shotgun_mp
3298,fn2000_heartbeat_silencer_mp
3299,fn2000_heartbeat_thermal_mp
3300,fn2000_heartbeat_xmags_mp
3301,fn2000_reflex_shotgun_mp
3302,fn2000_reflex_silencer_mp
3303,fn2000_reflex_xmags_mp
3304,fn2000_shotgun_silencer_mp
3305,fn2000_shotgun_thermal_mp
3306,fn2000_shotgun_xmags_mp
3307,fn2000_silencer_thermal_mp
3308,fn2000_silencer_xmags_mp
3309,fn2000_thermal_xmags_mp
3310,masada_mp
3311,masada_acog_mp
3312,masada_eotech_mp
3313,masada_fmj_mp
3314,masada_gl_mp
3315,gl_masada_mp
3316,masada_heartbeat_mp
3317,masada_reflex_mp
3318,masada_shotgun_mp
3319,masada_shotgun_attach_mp
3320,masada_silencer_mp
3321,masada_thermal_mp
3322,masada_xmags_mp
3323,masada_acog_fmj_mp
3324,masada_acog_gl_mp
3325,masada_acog_heartbeat_mp
3326,masada_acog_shotgun_mp
3327,masada_acog_silencer_mp
3328,masada_acog_xmags_mp
3329,masada_eotech_fmj_mp
3330,masada_eotech_gl_mp
3331,masada_eotech_heartbeat_mp
3332,masada_eotech_shotgun_mp
3333,masada_eotech_silencer_mp
3334,masada_eotech_xmags_mp
3335,masada_fmj_gl_mp
3336,masada_fmj_heartbeat_mp
3337,masada_fmj_reflex_mp
3338,masada_fmj_shotgun_mp
3339,masada_fmj_silencer_mp
3340,masada_fmj_thermal_mp
3341,masada_fmj_xmags_mp
3342,masada_gl_heartbeat_mp
3343,masada_gl_reflex_mp
3344,masada_gl_silencer_mp
3345,masada_gl_thermal_mp
3346,masada_gl_xmags_mp
3347,masada_heartbeat_reflex_mp
3348,masada_heartbeat_shotgun_mp
3349,masada_heartbeat_silencer_mp
3350,masada_heartbeat_thermal_mp
3351,masada_heartbeat_xmags_mp
3352,masada_reflex_shotgun_mp
3353,masada_reflex_silencer_mp
3354,masada_reflex_xmags_mp
3355,masada_shotgun_silencer_mp
3356,masada_shotgun_thermal_mp
3357,masada_shotgun_xmags_mp
3358,masada_silencer_thermal_mp
3359,masada_silencer_xmags_mp
3360,masada_thermal_xmags_mp
3361,famas_mp
3362,famas_acog_mp
3363,famas_eotech_mp
3364,famas_fmj_mp
3365,famas_gl_mp
3366,gl_famas_mp
3367,famas_heartbeat_mp
3368,famas_reflex_mp
3369,famas_shotgun_mp
3370,famas_shotgun_attach_mp
3371,famas_silencer_mp
3372,famas_thermal_mp
3373,famas_xmags_mp
3374,famas_acog_fmj_mp
3375,famas_acog_gl_mp
3376,famas_acog_heartbeat_mp
3377,famas_acog_shotgun_mp
3378,famas_acog_silencer_mp
3379,famas_acog_xmags_mp
3380,famas_eotech_fmj_mp
3381,famas_eotech_gl_mp
3382,famas_eotech_heartbeat_mp
3383,famas_eotech_shotgun_mp
3384,famas_eotech_silencer_mp
3385,famas_eotech_xmags_mp
3386,famas_fmj_gl_mp
3387,famas_fmj_heartbeat_mp
3388,famas_fmj_reflex_mp
3389,famas_fmj_shotgun_mp
3390,famas_fmj_silencer_mp
3391,famas_fmj_thermal_mp
3392,famas_fmj_xmags_mp
3393,famas_gl_heartbeat_mp
3394,famas_gl_reflex_mp
3395,famas_gl_silencer_mp
3396,famas_gl_thermal_mp
3397,famas_gl_xmags_mp
3398,famas_heartbeat_reflex_mp
3399,famas_heartbeat_shotgun_mp
3400,famas_heartbeat_silencer_mp
3401,famas_heartbeat_thermal_mp
3402,famas_heartbeat_xmags_mp
3403,famas_reflex_shotgun_mp
3404,famas_reflex_silencer_mp
3405,famas_reflex_xmags_mp
3406,famas_shotgun_silencer_mp
3407,famas_shotgun_thermal_mp
3408,famas_shotgun_xmags_mp
3409,famas_silencer_thermal_mp
3410,famas_silencer_xmags_mp
3411,famas_thermal_xmags_mp
3412,fal_mp
3413,fal_acog_mp
3414,fal_eotech_mp
3415,fal_fmj_mp
3416,fal_gl_mp
3417,gl_fal_mp
3418,fal_heartbeat_mp
3419,fal_reflex_mp
3420,fal_shotgun_mp
3421,fal_shotgun_attach_mp
3422,fal_silencer_mp
3423,fal_thermal_mp
3424,fal_xmags_mp
3425,fal_acog_fmj_mp
3426,fal_acog_gl_mp
3427,fal_acog_heartbeat_mp
3428,fal_acog_shotgun_mp
3429,fal_acog_silencer_mp
3430,fal_acog_xmags_mp
3431,fal_eotech_fmj_mp
3432,fal_eotech_gl_mp
3433,fal_eotech_heartbeat_mp
3434,fal_eotech_shotgun_mp
3435,fal_eotech_silencer_mp
3436,fal_eotech_xmags_mp
3437,fal_fmj_gl_mp
3438,fal_fmj_heartbeat_mp
3439,fal_fmj_reflex_mp
3440,fal_fmj_shotgun_mp
3441,fal_fmj_silencer_mp
3442,fal_fmj_thermal_mp
3443,fal_fmj_xmags_mp
3444,fal_gl_heartbeat_mp
3445,fal_gl_reflex_mp
3446,fal_gl_silencer_mp
3447,fal_gl_thermal_mp
3448,fal_gl_xmags_mp
3449,fal_heartbeat_reflex_mp
3450,fal_heartbeat_shotgun_mp
3451,fal_heartbeat_silencer_mp
3452,fal_heartbeat_thermal_mp
3453,fal_heartbeat_xmags_mp
3454,fal_reflex_shotgun_mp
3455,fal_reflex_silencer_mp
3456,fal_reflex_xmags_mp
3457,fal_shotgun_silencer_mp
3458,fal_shotgun_thermal_mp
3459,fal_shotgun_xmags_mp
3460,fal_silencer_thermal_mp
3461,fal_silencer_xmags_mp
3462,fal_thermal_xmags_mp
3463,scar_mp
3464,scar_acog_mp
3465,scar_eotech_mp
3466,scar_fmj_mp
3467,scar_gl_mp
3468,gl_scar_mp
3469,scar_heartbeat_mp
3470,scar_reflex_mp
3471,scar_shotgun_mp
3472,scar_shotgun_attach_mp
3473,scar_silencer_mp
3474,scar_thermal_mp
3475,scar_xmags_mp
3476,scar_acog_fmj_mp
3477,scar_acog_gl_mp
3478,scar_acog_heartbeat_mp
3479,scar_acog_shotgun_mp
3480,scar_acog_silencer_mp
3481,scar_acog_xmags_mp
3482,scar_eotech_fmj_mp
3483,scar_eotech_gl_mp
3484,scar_eotech_heartbeat_mp
3485,scar_eotech_shotgun_mp
3486,scar_eotech_silencer_mp
3487,scar_eotech_xmags_mp
3488,scar_fmj_gl_mp
3489,scar_fmj_heartbeat_mp
3490,scar_fmj_reflex_mp
3491,scar_fmj_shotgun_mp
3492,scar_fmj_silencer_mp
3493,scar_fmj_thermal_mp
3494,scar_fmj_xmags_mp
3495,scar_gl_heartbeat_mp
3496,scar_gl_reflex_mp
3497,scar_gl_silencer_mp
3498,scar_gl_thermal_mp
3499,scar_gl_xmags_mp
3500,scar_heartbeat_reflex_mp
3501,scar_heartbeat_shotgun_mp
3502,scar_heartbeat_silencer_mp
3503,scar_heartbeat_thermal_mp
3504,scar_heartbeat_xmags_mp
3505,scar_reflex_shotgun_mp
3506,scar_reflex_silencer_mp
3507,scar_reflex_xmags_mp
3508,scar_shotgun_silencer_mp
3509,scar_shotgun_thermal_mp
3510,scar_shotgun_xmags_mp
3511,scar_silencer_thermal_mp
3512,scar_silencer_xmags_mp
3513,scar_thermal_xmags_mp
3514,tavor_mp
3515,tavor_acog_mp
3516,tavor_eotech_mp
3517,tavor_fmj_mp
3518,tavor_gl_mp
3519,gl_tavor_mp
3520,tavor_heartbeat_mp
3521,tavor_reflex_mp
3522,tavor_shotgun_mp
3523,tavor_shotgun_attach_mp
3524,tavor_silencer_mp
3525,tavor_thermal_mp
3526,tavor_xmags_mp
3527,tavor_acog_fmj_mp
3528,tavor_acog_gl_mp
3529,tavor_acog_heartbeat_mp
3530,tavor_acog_shotgun_mp
3531,tavor_acog_silencer_mp
3532,tavor_acog_xmags_mp
3533,tavor_eotech_fmj_mp
3534,tavor_eotech_gl_mp
3535,tavor_eotech_heartbeat_mp
3536,tavor_eotech_shotgun_mp
3537,tavor_eotech_silencer_mp
3538,tavor_eotech_xmags_mp
3539,tavor_fmj_gl_mp
3540,tavor_fmj_heartbeat_mp
3541,tavor_fmj_reflex_mp
3542,tavor_fmj_shotgun_mp
3543,tavor_fmj_silencer_mp
3544,tavor_fmj_thermal_mp
3545,tavor_fmj_xmags_mp
3546,tavor_gl_heartbeat_mp
3547,tavor_gl_reflex_mp
3548,tavor_gl_silencer_mp
3549,tavor_gl_thermal_mp
3550,tavor_gl_xmags_mp
3551,tavor_heartbeat_reflex_mp
3552,tavor_heartbeat_shotgun_mp
3553,tavor_heartbeat_silencer_mp
3554,tavor_heartbeat_thermal_mp
3555,tavor_heartbeat_xmags_mp
3556,tavor_reflex_shotgun_mp
3557,tavor_reflex_silencer_mp
3558,tavor_reflex_xmags_mp
3559,tavor_shotgun_silencer_mp
3560,tavor_shotgun_thermal_mp
3561,tavor_shotgun_xmags_mp
3562,tavor_silencer_thermal_mp
3563,tavor_silencer_xmags_mp
3564,tavor_thermal_xmags_mp
3565,gl_mp
3566,m79_mp
3567,rpg_mp
3568,at4_mp
3569,stinger_mp
3570,javelin_mp
3571,barrett_mp
3572,barrett_acog_mp
3573,barrett_fmj_mp
3574,barrett_heartbeat_mp
3575,barrett_silencer_mp
3576,barrett_thermal_mp
3577,barrett_xmags_mp
3578,barrett_acog_fmj_mp
3579,barrett_acog_heartbeat_mp
3580,barrett_acog_silencer_mp
3581,barrett_acog_xmags_mp
3582,barrett_fmj_heartbeat_mp
3583,barrett_fmj_silencer_mp
3584,barrett_fmj_thermal_mp
3585,barrett_fmj_xmags_mp
3586,barrett_heartbeat_silencer_mp
3587,barrett_heartbeat_thermal_mp
3588,barrett_heartbeat_xmags_mp
3589,barrett_silencer_thermal_mp
3590,barrett_silencer_xmags_mp
3591,barrett_thermal_xmags_mp
3592,wa2000_mp
3593,wa2000_acog_mp
3594,wa2000_fmj_mp
3595,wa2000_heartbeat_mp
3596,wa2000_silencer_mp
3597,wa2000_thermal_mp
3598,wa2000_xmags_mp
3599,wa2000_acog_fmj_mp
3600,wa2000_acog_heartbeat_mp
3601,wa2000_acog_silencer_mp
3602,wa2000_acog_xmags_mp
3603,wa2000_fmj_heartbeat_mp
3604,wa2000_fmj_silencer_mp
3605,wa2000_fmj_thermal_mp
3606,wa2000_fmj_xmags_mp
3607,wa2000_heartbeat_silencer_mp
3608,wa2000_heartbeat_thermal_mp
3609,wa2000_heartbeat_xmags_mp
3610,wa2000_silencer_thermal_mp
3611,wa2000_silencer_xmags_mp
3612,wa2000_thermal_xmags_mp
3613,m21_mp
3614,m21_acog_mp
3615,m21_fmj_mp
3616,m21_heartbeat_mp
3617,m21_silencer_mp
3618,m21_thermal_mp
3619,m21_xmags_mp
3620,m21_acog_fmj_mp
3621,m21_acog_heartbeat_mp
3622,m21_acog_silencer_mp
3623,m21_acog_xmags_mp
3624,m21_fmj_heartbeat_mp
3625,m21_fmj_silencer_mp
3626,m21_fmj_thermal_mp
3627,m21_fmj_xmags_mp
3628,m21_heartbeat_silencer_mp
3629,m21_heartbeat_thermal_mp
3630,m21_heartbeat_xmags_mp
3631,m21_silencer_thermal_mp
3632,m21_silencer_xmags_mp
3633,m21_thermal_xmags_mp
3634,cheytac_mp
3635,cheytac_acog_mp
3636,cheytac_fmj_mp
3637,cheytac_heartbeat_mp
3638,cheytac_silencer_mp
3639,cheytac_thermal_mp
3640,cheytac_xmags_mp
3641,cheytac_acog_fmj_mp
3642,cheytac_acog_heartbeat_mp
3643,cheytac_acog_silencer_mp
3644,cheytac_acog_xmags_mp
3645,cheytac_fmj_heartbeat_mp
3646,cheytac_fmj_silencer_mp
3647,cheytac_fmj_thermal_mp
3648,cheytac_fmj_xmags_mp
3649,cheytac_heartbeat_silencer_mp
3650,cheytac_heartbeat_thermal_mp
3651,cheytac_heartbeat_xmags_mp
3652,cheytac_silencer_thermal_mp
3653,cheytac_silencer_xmags_mp
3654,cheytac_thermal_xmags_mp
3655,ranger_mp
3656,ranger_akimbo_mp
3657,ranger_fmj_mp
3658,ranger_akimbo_fmj_mp
3659,model1887_mp
3660,model1887_akimbo_mp
3661,model1887_fmj_mp
3662,model1887_akimbo_fmj_mp
3663,striker_mp
3664,striker_eotech_mp
3665,striker_fmj_mp
3666,striker_grip_mp
3667,striker_reflex_mp
3668,striker_silencer_mp
3669,striker_xmags_mp
3670,striker_eotech_fmj_mp
3671,striker_eotech_grip_mp
3672,striker_eotech_silencer_mp
3673,striker_eotech_xmags_mp
3674,striker_fmj_grip_mp
3675,striker_fmj_reflex_mp
3676,striker_fmj_silencer_mp
3677,striker_fmj_xmags_mp
3678,striker_grip_reflex_mp
3679,striker_grip_silencer_mp
3680,striker_grip_xmags_mp
3681,striker_reflex_silencer_mp
3682,striker_reflex_xmags_mp
3683,striker_silencer_xmags_mp
3684,aa12_mp
3685,aa12_eotech_mp
3686,aa12_fmj_mp
3687,aa12_grip_mp
3688,aa12_reflex_mp
3689,aa12_silencer_mp
3690,aa12_xmags_mp
3691,aa12_eotech_fmj_mp
3692,aa12_eotech_grip_mp
3693,aa12_eotech_silencer_mp
3694,aa12_eotech_xmags_mp
3695,aa12_fmj_grip_mp
3696,aa12_fmj_reflex_mp
3697,aa12_fmj_silencer_mp
3698,aa12_fmj_xmags_mp
3699,aa12_grip_reflex_mp
3700,aa12_grip_silencer_mp
3701,aa12_grip_xmags_mp
3702,aa12_reflex_silencer_mp
3703,aa12_reflex_xmags_mp
3704,aa12_silencer_xmags_mp
3705,m1014_mp
3706,m1014_eotech_mp
3707,m1014_fmj_mp
3708,m1014_grip_mp
3709,m1014_reflex_mp
3710,m1014_silencer_mp
3711,m1014_xmags_mp
3712,m1014_eotech_fmj_mp
3713,m1014_eotech_grip_mp
3714,m1014_eotech_silencer_mp
3715,m1014_eotech_xmags_mp
3716,m1014_fmj_grip_mp
3717,m1014_fmj_reflex_mp
3718,m1014_fmj_silencer_mp
3719,m1014_fmj_xmags_mp
3720,m1014_grip_reflex_mp
3721,m1014_grip_silencer_mp
3722,m1014_grip_xmags_mp
3723,m1014_reflex_silencer_mp
3724,m1014_reflex_xmags_mp
3725,m1014_silencer_xmags_mp
3726,spas12_mp
3727,spas12_eotech_mp
3728,spas12_fmj_mp
3729,spas12_grip_mp
3730,spas12_reflex_mp
3731,spas12_silencer_mp
3732,spas12_xmags_mp
3733,spas12_eotech_fmj_mp
3734,spas12_eotech_grip_mp
3735,spas12_eotech_silencer_mp
3736,spas12_eotech_xmags_mp
3737,spas12_fmj_grip_mp
3738,spas12_fmj_reflex_mp
3739,spas12_fmj_silencer_mp
3740,spas12_fmj_xmags_mp
3741,spas12_grip_reflex_mp
3742,spas12_grip_silencer_mp
3743,spas12_grip_xmags_mp
3744,spas12_reflex_silencer_mp
3745,spas12_reflex_xmags_mp
3746,spas12_silencer_xmags_mp
3747,rpd_mp
3748,rpd_acog_mp
3749,rpd_eotech_mp
3750,rpd_fmj_mp
3751,rpd_grip_mp
3752,rpd_heartbeat_mp
3753,rpd_reflex_mp
3754,rpd_silencer_mp
3755,rpd_thermal_mp
3756,rpd_xmags_mp
3757,rpd_acog_fmj_mp
3758,rpd_acog_grip_mp
3759,rpd_acog_heartbeat_mp
3760,rpd_acog_silencer_mp
3761,rpd_acog_xmags_mp
3762,rpd_eotech_fmj_mp
3763,rpd_eotech_grip_mp
3764,rpd_eotech_heartbeat_mp
3765,rpd_eotech_silencer_mp
3766,rpd_eotech_xmags_mp
3767,rpd_fmj_grip_mp
3768,rpd_fmj_heartbeat_mp
3769,rpd_fmj_reflex_mp
3770,rpd_fmj_silencer_mp
3771,rpd_fmj_thermal_mp
3772,rpd_fmj_xmags_mp
3773,rpd_grip_heartbeat_mp
3774,rpd_grip_reflex_mp
3775,rpd_grip_silencer_mp
3776,rpd_grip_thermal_mp
3777,rpd_grip_xmags_mp
3778,rpd_heartbeat_reflex_mp
3779,rpd_heartbeat_silencer_mp
3780,rpd_heartbeat_thermal_mp
3781,rpd_heartbeat_xmags_mp
3782,rpd_reflex_silencer_mp
3783,rpd_reflex_xmags_mp
3784,rpd_silencer_thermal_mp
3785,rpd_silencer_xmags_mp
3786,rpd_thermal_xmags_mp
3787,sa80_mp
3788,sa80_acog_mp
3789,sa80_eotech_mp
3790,sa80_fmj_mp
3791,sa80_grip_mp
3792,sa80_heartbeat_mp
3793,sa80_reflex_mp
3794,sa80_silencer_mp
3795,sa80_thermal_mp
3796,sa80_xmags_mp
3797,sa80_acog_fmj_mp
3798,sa80_acog_grip_mp
3799,sa80_acog_heartbeat_mp
3800,sa80_acog_silencer_mp
3801,sa80_acog_xmags_mp
3802,sa80_eotech_fmj_mp
3803,sa80_eotech_grip_mp
3804,sa80_eotech_heartbeat_mp
3805,sa80_eotech_silencer_mp
3806,sa80_eotech_xmags_mp
3807,sa80_fmj_grip_mp
3808,sa80_fmj_heartbeat_mp
3809,sa80_fmj_reflex_mp
3810,sa80_fmj_silencer_mp
3811,sa80_fmj_thermal_mp
3812,sa80_fmj_xmags_mp
3813,sa80_grip_heartbeat_mp
3814,sa80_grip_reflex_mp
3815,sa80_grip_silencer_mp
3816,sa80_grip_thermal_mp
3817,sa80_grip_xmags_mp
3818,sa80_heartbeat_reflex_mp
3819,sa80_heartbeat_silencer_mp
3820,sa80_heartbeat_thermal_mp
3821,sa80_heartbeat_xmags_mp
3822,sa80_reflex_silencer_mp
3823,sa80_reflex_xmags_mp
3824,sa80_silencer_thermal_mp
3825,sa80_silencer_xmags_mp
3826,sa80_thermal_xmags_mp
3827,mg4_mp
3828,mg4_acog_mp
3829,mg4_eotech_mp
3830,mg4_fmj_mp
3831,mg4_grip_mp
3832,mg4_heartbeat_mp
3833,mg4_reflex_mp
3834,mg4_silencer_mp
3835,mg4_thermal_mp
3836,mg4_xmags_mp
3837,mg4_acog_fmj_mp
3838,mg4_acog_grip_mp
3839,mg4_acog_heartbeat_mp
3840,mg4_acog_silencer_mp
3841,mg4_acog_xmags_mp
3842,mg4_eotech_fmj_mp
3843,mg4_eotech_grip_mp
3844,mg4_eotech_heartbeat_mp
3845,mg4_eotech_silencer_mp
3846,mg4_eotech_xmags_mp
3847,mg4_fmj_grip_mp
3848,mg4_fmj_heartbeat_mp
3849,mg4_fmj_reflex_mp
3850,mg4_fmj_silencer_mp
3851,mg4_fmj_thermal_mp
3852,mg4_fmj_xmags_mp
3853,mg4_grip_heartbeat_mp
3854,mg4_grip_reflex_mp
3855,mg4_grip_silencer_mp
3856,mg4_grip_thermal_mp
3857,mg4_grip_xmags_mp
3858,mg4_heartbeat_reflex_mp
3859,mg4_heartbeat_silencer_mp
3860,mg4_heartbeat_thermal_mp
3861,mg4_heartbeat_xmags_mp
3862,mg4_reflex_silencer_mp
3863,mg4_reflex_xmags_mp
3864,mg4_silencer_thermal_mp
3865,mg4_silencer_xmags_mp
3866,mg4_thermal_xmags_mp
3867,m240_mp
3868,m240_acog_mp
3869,m240_eotech_mp
3870,m240_fmj_mp
3871,m240_grip_mp
3872,m240_heartbeat_mp
3873,m240_reflex_mp
3874,m240_silencer_mp
3875,m240_thermal_mp
3876,m240_xmags_mp
3877,m240_acog_fmj_mp
3878,m240_acog_grip_mp
3879,m240_acog_heartbeat_mp
3880,m240_acog_silencer_mp
3881,m240_acog_xmags_mp
3882,m240_eotech_fmj_mp
3883,m240_eotech_grip_mp
3884,m240_eotech_heartbeat_mp
3885,m240_eotech_silencer_mp
3886,m240_eotech_xmags_mp
3887,m240_fmj_grip_mp
3888,m240_fmj_heartbeat_mp
3889,m240_fmj_reflex_mp
3890,m240_fmj_silencer_mp
3891,m240_fmj_thermal_mp
3892,m240_fmj_xmags_mp
3893,m240_grip_heartbeat_mp
3894,m240_grip_reflex_mp
3895,m240_grip_silencer_mp
3896,m240_grip_thermal_mp
3897,m240_grip_xmags_mp
3898,m240_heartbeat_reflex_mp
3899,m240_heartbeat_silencer_mp
3900,m240_heartbeat_thermal_mp
3901,m240_heartbeat_xmags_mp
3902,m240_reflex_silencer_mp
3903,m240_reflex_xmags_mp
3904,m240_silencer_thermal_mp
3905,m240_silencer_xmags_mp
3906,m240_thermal_xmags_mp
3907,aug_mp
3908,aug_acog_mp
3909,aug_eotech_mp
3910,aug_fmj_mp
3911,aug_grip_mp
3912,aug_heartbeat_mp
3913,aug_reflex_mp
3914,aug_silencer_mp
3915,aug_thermal_mp
3916,aug_xmags_mp
3917,aug_acog_fmj_mp
3918,aug_acog_grip_mp
3919,aug_acog_heartbeat_mp
3920,aug_acog_silencer_mp
3921,aug_acog_xmags_mp
3922,aug_eotech_fmj_mp
3923,aug_eotech_grip_mp
3924,aug_eotech_heartbeat_mp
3925,aug_eotech_silencer_mp
3926,aug_eotech_xmags_mp
3927,aug_fmj_grip_mp
3928,aug_fmj_heartbeat_mp
3929,aug_fmj_reflex_mp
3930,aug_fmj_silencer_mp
3931,aug_fmj_thermal_mp
3932,aug_fmj_xmags_mp
3933,aug_grip_heartbeat_mp
3934,aug_grip_reflex_mp
3935,aug_grip_silencer_mp
3936,aug_grip_thermal_mp
3937,aug_grip_xmags_mp
3938,aug_heartbeat_reflex_mp
3939,aug_heartbeat_silencer_mp
3940,aug_heartbeat_thermal_mp
3941,aug_heartbeat_xmags_mp
3942,aug_reflex_silencer_mp
3943,aug_reflex_xmags_mp
3944,aug_silencer_thermal_mp
3945,aug_silencer_xmags_mp
3946,aug_thermal_xmags_mp
3947,c4_mp
3948,claymore_mp
3949,airdrop_marker_mp
3950,semtex_mp
3951,frag_grenade_mp
3952,flash_grenade_mp
3953,smoke_grenade_mp
3954,concussion_grenade_mp
3955,throwingknife_mp
3956,onemanarmy_mp
3957,flare_mp
3958,scavenger_bag_mp
3959,frag_grenade_short_mp
3960,destructible_car
3961,briefcase_bomb_mp
3962,briefcase_bomb_defuse_mp
3963,killstreak_uav_mp
3964,killstreak_helicopter_mp
3965,killstreak_ac130_mp
3966,killstreak_predator_missile_mp
3967,killstreak_helicopter_minigun_mp
3968,killstreak_nuke_mp
3969,killstreak_precision_airstrike_mp
3970,killstreak_counter_uav_mp
3971,killstreak_sentry_mp
3972,airdrop_sentry_marker_mp
3973,killstreak_helicopter_flares_mp
3974,killstreak_emp_mp
3975,airdrop_mega_marker_mp
3976,killstreak_stealth_airstrike_mp
3977,killstreak_harrier_airstrike_mp
3978,ac130_25mm_mp
3979,ac130_40mm_mp
3980,ac130_105mm_mp
3981,remotemissile_projectile_mp
3982,stealth_bomb_mp
3983,artillery_mp
3984,harrier_missile_mp
3985,harrier_20mm_mp
3986,harrier_ffar_mp
3987,littlebird_20mm_mp
3988,cobra_ffar_mp
3989,cobra_20mm_mp
3990,cobra_player_minigun_mp
3991,heli_remote_mp
3992,pavelow_minigun_mp
3993,sentry_minigun_mp
3994,nuke_mp
4004,hud_status_dead
4005,hud_status_connecting
4012,headicon_taskforce141
4013,headicon_arab
4014,talkingicon
4027,compass_objpoint_ac130_friendly
4028,compass_objpoint_ac130_enemy
4029,compass_objpoint_airstrike_friendly
4030,compass_objpoint_airstrike_busy
4031,compass_objpoint_b2_airstrike_friendly
4032,compass_objpoint_b2_airstrike_enemy
4033,hud_minimap_harrier_green
4034,hud_minimap_harrier_red
4035,compass_objpoint_c130_friendly
4036,compass_objpoint_c130_enemy
4043,vehicle_80s_sedan1_destroy
4044,light_fluorescent_single_swing
4045,light_fluorescent_single_swing_02
4046,light_fluorescent_single_swing_03
4047,light_fluorescent_single_null
4048,ex_airconditioner_fan
4049,me_fanceil1_spin
4050,me_fanceil1_spin_stop
4051,foliage_tree_river_birch_xl_a_sway
4052,foliage_tree_river_birch_med_a_sway
4053,palmtree_mp_bushy3_sway
4054,ac130_angel_flares01
4055,ac130_angel_flares02
4056,ac130_angel_flares03
4105,032j_spine4
4137,0 0 0 1
4138,1191
